date,value
2016-09-22,97.91
2016-09-23,97.63
2016-09-26,96.78
2016-09-27,96.7
2016-09-28,97.17
2016-09-29,95.33
2016-09-30,96.05
2016-10-03,97.71
2016-10-04,97.95
2016-10-05,97.91
2016-10-06,97.56
2016-10-07,97.28
2016-10-10,97.39
2016-10-13,96.24
2016-10-14,96.42
2016-10-17,95.44
2016-10-18,96.71
2016-10-19,96.57
2016-10-20,96.93
2016-10-21,97.18
2016-10-24,97.15
2016-10-25,97.04
2016-10-26,96.27
2016-10-27,95.61
2016-10-28,96.11
2016-11-01,96.06
2016-11-02,95.09
2016-11-03,94.63
2016-11-04,93.97
2016-11-07,94.67
2016-11-08,95.0
2016-11-09,93.63
2016-11-10,94.38
2016-11-11,92.04
2016-11-15,89.93
2016-11-16,89.92
2016-11-17,89.55
2016-11-18,89.56
2016-11-21,87.96
2016-11-22,88.87
2016-11-23,89.22
2016-11-24,88.75
2016-11-25,90.27
2016-11-28,90.31
2016-11-29,90.59
2016-11-30,91.4
2016-12-01,90.66
2016-12-02,89.56
2016-12-05,90.09
2016-12-06,90.2
2016-12-07,89.67
2016-12-08,91.07
2016-12-09,91.35
2016-12-12,90.25
2016-12-13,90.51
2016-12-14,90.09
2016-12-15,90.06
2016-12-16,89.77
2016-12-19,89.41
2016-12-20,88.96
2016-12-21,88.91
2016-12-22,88.0
2016-12-23,88.16
2016-12-26,87.17
2016-12-27,88.39
2016-12-28,88.57
2016-12-29,89.42
2016-12-30,90.16
2017-01-02,90.44
2017-01-03,90.58
2017-01-04,90.46
2017-01-05,91.26
2017-01-06,90.92
2017-01-09,90.79
2017-01-10,91.4
2017-01-11,92.47
2017-01-12,92.65
2017-01-13,92.41
2017-01-16,92.5
2017-01-17,92.68
2017-01-18,93.04
2017-01-19,93.07
2017-01-20,92.09
2017-01-23,92.41
2017-01-24,93.29
2017-01-25,94.49
2017-01-27,94.76
2017-01-30,94.57
2017-01-31,93.58
2017-02-01,95.36
2017-02-02,95.58
2017-02-03,95.87
2017-02-06,96.64
2017-02-07,96.63
2017-02-08,96.6
2017-02-09,96.87
2017-02-10,96.98
2017-02-13,96.72
2017-02-14,96.39
2017-02-15,95.62
2017-02-16,96.48
2017-02-17,96.97
2017-02-20,97.63
2017-02-21,98.05
2017-02-22,98.09
2017-02-23,98.26
2017-02-27,97.78
2017-02-28,97.72
2017-03-01,98.4
2017-03-02,97.71
2017-03-03,97.76
2017-03-06,98.35
2017-03-07,97.96
2017-03-08,97.69
2017-03-09,97.75
2017-03-10,97.73
2017-03-14,99.29
2017-03-15,99.64
2017-03-16,100.4
2017-03-17,100.53
2017-03-20,100.13
2017-03-21,100.07
2017-03-22,99.22
2017-03-23,99.79
2017-03-24,100.11
2017-03-27,99.67
2017-03-28,100.19
2017-03-29,100.28
2017-03-30,100.64
2017-03-31,100.78
2017-04-03,101.35
2017-04-05,101.71
2017-04-06,101.71
2017-04-07,101.14
2017-04-10,101.1
2017-04-11,101.76
2017-04-12,101.56
2017-04-13,101.18
2017-04-17,100.95
2017-04-18,100.6
2017-04-19,100.57
2017-04-20,100.94
2017-04-21,100.91
2017-04-24,102.04
2017-04-25,103.05
2017-04-26,103.36
2017-04-27,103.27
2017-04-28,103.14
2017-05-02,103.13
2017-05-03,103.26
2017-05-04,103.74
2017-05-05,102.96
2017-05-08,103.36
2017-05-09,103.37
2017-05-10,104.1
2017-05-11,104.43
2017-05-12,104.33
2017-05-15,104.79
2017-05-16,105.3
2017-05-17,105.08
2017-05-18,103.94
2017-05-19,103.38
2017-05-22,103.24
2017-05-23,102.72
2017-05-24,102.2
2017-05-25,104.02
2017-05-26,104.98
2017-05-29,104.38
2017-05-30,104.87
2017-05-31,105.49
2017-06-01,105.58
2017-06-02,106.07
2017-06-05,106.24
2017-06-06,105.78
2017-06-07,106.07
2017-06-08,105.75
2017-06-09,105.96
2017-06-12,105.28
2017-06-13,105.26
2017-06-14,105.4
2017-06-15,105.09
2017-06-16,105.31
2017-06-19,105.78
2017-06-20,105.92
2017-06-21,105.65
2017-06-22,105.36
2017-06-23,104.42
2017-06-27,103.49
2017-06-28,103.52
2017-06-29,103.7
2017-06-30,104.28
2017-07-03,105.13
2017-07-04,105.13
2017-07-05,105.7
2017-07-06,105.91
2017-07-07,105.74
2017-07-10,106.74
2017-07-11,106.8
2017-07-12,106.97
2017-07-13,107.8
2017-07-14,107.84
2017-07-17,108.23
2017-07-18,107.68
2017-07-19,108.29
2017-07-20,107.8
2017-07-21,108.16
2017-07-24,108.67
2017-07-25,108.84
2017-07-26,109.19
2017-07-27,108.93
2017-07-28,108.84
2017-07-31,109.61
2017-08-01,109.93
2017-08-02,109.69
2017-08-03,108.89
2017-08-04,109.26
2017-08-07,109.31
2017-08-08,108.52
2017-08-09,107.42
2017-08-10,106.18
2017-08-11,105.61
2017-08-14,106.74
2017-08-16,107.77
2017-08-17,107.8
2017-08-18,106.86
2017-08-21,105.75
2017-08-22,105.77
2017-08-23,106.74
2017-08-24,106.96
2017-08-28,107.59
2017-08-29,106.53
2017-08-30,107.48
2017-08-31,107.49
2017-09-01,108.49
2017-09-04,107.68
2017-09-05,108.24
2017-09-06,108.01
2017-09-07,108.25
2017-09-08,108.29
2017-09-11,109.19
2017-09-12,110.15
2017-09-13,109.83
2017-09-14,110.05
2017-09-15,109.94
2017-09-18,110.63
2017-09-19,110.8
2017-09-20,110.54
2017-09-21,110.24
2017-09-22,108.26
2017-09-25,107.16
2017-09-26,107.21
2017-09-27,105.65
2017-09-28,105.98
2017-09-29,106.69
2017-10-03,107.46
2017-10-04,107.75
2017-10-05,107.58
2017-10-06,108.4
2017-10-09,108.33
2017-10-10,108.84
2017-10-11,108.29
2017-10-12,109.36
2017-10-13,109.79
2017-10-16,110.37
2017-10-17,110.36
2017-10-18,109.85
2017-10-23,109.85
2017-10-24,109.87
2017-10-25,110.78
2017-10-26,111.46
2017-10-27,111.97
2017-10-30,112.59
2017-10-31,112.41
2017-11-01,113.32
2017-11-02,113.22
2017-11-03,113.36
2017-11-06,113.66
2017-11-07,112.73
2017-11-08,112.49
2017-11-09,112.91
2017-11-10,112.91
2017-11-13,112.13
2017-11-14,111.77
2017-11-15,111.3
2017-11-16,112.19
2017-11-17,112.75
2017-11-20,112.81
2017-11-21,113.04
2017-11-22,113.14
2017-11-23,113.12
2017-11-24,113.68
2017-11-27,113.65
2017-11-28,113.53
2017-11-29,113.46
2017-11-30,112.33
2017-12-01,111.26
2017-12-04,111.29
2017-12-05,111.27
2017-12-06,110.46
2017-12-07,112.02
2017-12-08,113.06
2017-12-11,113.61
2017-12-12,112.75
2017-12-13,112.39
2017-12-14,112.61
2017-12-15,113.43
2017-12-18,114.25
2017-12-19,115.31
2017-12-20,115.4
2017-12-21,115.53
2017-12-22,116.2
2017-12-26,116.68
2017-12-27,116.28
2017-12-28,116.24
2017-12-29,116.82
2018-01-01,115.97
2018-01-02,115.75
2018-01-03,115.88
2018-01-04,116.46
2018-01-05,117.17
2018-01-08,117.81
2018-01-09,117.67
2018-01-10,117.64
2018-01-11,117.77
2018-01-12,118.06
2018-01-15,118.14
2018-01-16,117.84
2018-01-17,118.73
2018-01-18,118.6
2018-01-19,119.41
2018-01-22,120.25
2018-01-23,121.39
2018-01-24,120.95
2018-01-25,120.61
2018-01-29,120.73
2018-01-30,119.85
2018-01-31,119.51
2018-02-01,119.54
2018-02-02,116.64
2018-02-05,116.04
2018-02-06,114.23
2018-02-07,114.36
2018-02-08,115.6
2018-02-09,114.57
2018-02-12,115.6
2018-02-14,115.41
2018-02-15,115.71
2018-02-16,114.46
2018-02-19,113.36
2018-02-20,113.34
2018-02-21,113.75
2018-02-22,113.59
2018-02-23,114.7
2018-02-26,115.64
2018-02-27,115.44
2018-02-28,115.05
2018-03-01,114.57
2018-03-05,113.99
2018-03-06,112.74
2018-03-07,111.62
2018-03-08,112.29
2018-03-09,112.13
2018-03-12,113.63
2018-03-13,113.86
2018-03-14,114.14
2018-03-15,113.93
2018-03-16,112.3
2018-03-19,111.1
2018-03-20,111.29
2018-03-21,111.51
2018-03-22,110.92
2018-03-23,109.82
2018-03-26,111.14
2018-03-27,111.99
2018-03-28,111.53
2018-04-02,112.64
2018-04-03,113.24
2018-04-04,112.06
2018-04-05,114.17
2018-04-06,114.54
2018-04-09,114.85
2018-04-10,115.09
2018-04-11,115.45
2018-04-12,115.87
2018-04-13,116.14
2018-04-16,116.43
2018-04-17,116.38
2018-04-18,115.93
2018-04-19,116.43
2018-04-20,116.69
2018-04-23,117.23
2018-04-24,117.12
2018-04-25,116.93
2018-04-26,117.5
2018-04-27,118.0
2018-04-30,118.6
2018-05-02,117.93
2018-05-03,117.26
2018-05-04,116.91
2018-05-07,117.71
2018-05-08,117.83
2018-05-09,117.84
2018-05-10,117.33
2018-05-11,118.15
2018-05-14,118.09
2018-05-15,117.83
2018-05-16,117.12
2018-05-17,116.86
2018-05-18,115.76
2018-05-21,114.9
2018-05-22,115.24
2018-05-23,114.55
2018-05-24,115.2
2018-05-25,116.24
2018-05-28,117.13
2018-05-29,116.58
2018-05-30,116.29
2018-05-31,117.34
2018-06-01,116.67
2018-06-04,116.16
2018-06-05,115.49
2018-06-06,116.43
2018-06-07,117.37
2018-06-08,117.66
2018-06-11,117.94
2018-06-12,118.39
2018-06-13,118.51
2018-06-14,118.08
2018-06-15,118.25
2018-06-18,118.06
2018-06-19,117.0
2018-06-20,117.53
2018-06-21,117.08
2018-06-22,117.7
2018-06-25,117.08
2018-06-26,117.29
2018-06-27,116.28
2018-06-28,115.13
2018-06-29,116.23
2018-07-02,115.95
2018-07-03,116.59
2018-07-04,116.84
2018-07-05,116.44
2018-07-06,116.88
2018-07-09,117.96
2018-07-10,118.71
2018-07-11,118.65
2018-07-12,118.68
2018-07-13,118.49
2018-07-16,117.41
2018-07-17,118.38
2018-07-18,117.8
2018-07-19,117.44
2018-07-20,118.28
2018-07-23,119.27
2018-07-24,120.13
2018-07-25,119.79
2018-07-26,120.17
2018-07-27,121.23
2018-07-30,121.81
2018-07-31,122.25
2018-08-01,122.28
2018-08-02,121.58
2018-08-03,122.65
2018-08-06,122.96
2018-08-07,122.65
2018-08-08,123.06
2018-08-09,123.49
2018-08-10,123.22
2018-08-13,122.74
2018-08-14,123.64
2018-08-16,123.49
2018-08-17,124.43
2018-08-20,124.78
2018-08-21,124.94
2018-08-23,125.11
2018-08-24,124.58
2018-08-27,126.01
2018-08-28,126.2
2018-08-29,125.75
2018-08-30,125.86
2018-08-31,126.5
2018-09-03,125.42
2018-09-04,124.2
2018-09-05,123.85
2018-09-06,124.22
2018-09-07,125.12
2018-09-10,123.73
2018-09-11,121.93
2018-09-12,122.0
2018-09-14,123.44
2018-09-17,122.28
2018-09-18,120.87
2018-09-19,120.54
2018-09-21,119.16
2018-09-24,117.35
2018-09-25,118.28
2018-09-26,118.2
2018-09-27,117.01
2018-09-28,116.24
2018-10-01,116.95
2018-10-03,115.09
2018-10-04,113.05
2018-10-05,111.11
2018-10-08,110.83
2018-10-09,110.1
2018-10-10,111.83
2018-10-11,109.53
2018-10-12,111.7
2018-10-15,112.08
2018-10-16,113.07
2018-10-17,111.59
2018-10-19,110.5
2018-10-22,109.86
2018-10-23,108.48
2018-10-24,109.17
2018-10-25,108.33
2018-10-26,107.41
2018-10-29,109.85
2018-10-30,109.69
2018-10-31,111.72
2018-11-01,112.05
2018-11-02,113.46
2018-11-05,112.99
2018-11-06,112.93
2018-11-09,113.94
2018-11-12,113.13
2018-11-13,113.92
2018-11-14,113.67
2018-11-15,114.35
2018-11-16,114.66
2018-11-19,115.41
2018-11-20,114.46
2018-11-21,114.15
2018-11-22,113.34
2018-11-26,114.36
2018-11-27,114.75
2018-11-28,115.09
2018-11-29,116.16
2018-11-30,116.44
2018-12-03,116.51
2018-12-04,116.49
2018-12-05,115.12
2018-12-06,113.32
2018-12-07,114.1
2018-12-10,112.13
2018-12-11,112.75
2018-12-12,115.04
2018-12-13,115.65
2018-12-14,116.0
2018-12-17,116.64
2018-12-18,116.91
2018-12-19,117.59
2018-12-20,117.37
2018-12-21,115.24
2018-12-24,114.64
2018-12-26,115.05
2018-12-27,115.39
2018-12-28,116.26
2018-12-31,116.37
2019-01-01,116.73
2019-01-02,115.75
2019-01-03,114.8
2019-01-04,114.95
2019-01-07,115.49
2019-01-08,116.16
2019-01-09,116.58
2019-01-10,116.42
2019-01-11,115.87
2019-01-14,115.33
2019-01-15,116.65
2019-01-16,116.76
2019-01-17,116.86
2019-01-18,116.09
2019-01-21,116.26
2019-01-22,116.04
2019-01-23,115.23
2019-01-24,115.37
2019-01-25,114.54
2019-01-28,113.25
2019-01-29,113.46
2019-01-30,113.9
2019-01-31,115.56
2019-02-01,116.03
2019-02-04,115.75
2019-02-05,115.85
2019-02-06,117.12
2019-02-07,117.56
2019-02-08,116.33
2019-02-11,115.77
2019-02-12,115.1
2019-02-13,114.55
2019-02-14,114.47
2019-02-15,113.9
2019-02-18,113.06
2019-02-19,112.68
2019-02-20,113.98
2019-02-21,114.42
2019-02-22,114.44
2019-02-25,115.49
2019-02-26,115.2
2019-02-27,115.15
2019-02-28,114.95
2019-03-01,115.74
2019-03-05,117.04
2019-03-06,117.5
2019-03-07,117.56
2019-03-08,117.37
2019-03-11,118.76
2019-03-12,119.99
2019-03-13,120.18
2019-03-14,120.18
2019-03-15,120.93
2019-03-18,120.95
2019-03-19,121.43
2019-03-20,121.56
2019-03-22,121.06
2019-03-25,119.81
2019-03-26,120.88
2019-03-27,120.7
2019-03-28,122.19
2019-03-29,122.66
2019-04-01,123.27
2019-04-02,123.88
2019-04-03,122.93
2019-04-04,122.54
2019-04-05,123.2
2019-04-08,122.66
2019-04-09,123.24
2019-04-10,122.4
2019-04-11,122.23
2019-04-12,122.88
2019-04-15,123.37
2019-04-16,124.42
2019-04-18,123.78
2019-04-22,122.31
2019-04-23,121.74
2019-04-24,122.84
2019-04-25,122.03
2019-04-26,123.13
2019-04-30,122.78
2019-05-02,122.17
2019-05-03,121.94
2019-05-06,121.11
2019-05-07,120.16
2019-05-08,119.0
2019-05-09,118.61
2019-05-10,118.54
2019-05-13,116.91
2019-05-14,117.62
2019-05-15,116.94
2019-05-16,117.34
2019-05-17,118.6
2019-05-20,122.61
2019-05-21,121.13
2019-05-22,121.42
2019-05-23,120.96
2019-05-24,123.32
2019-05-27,124.32
2019-05-28,124.65
2019-05-29,123.93
2019-05-30,124.54
2019-05-31,124.66
2019-06-03,125.87
2019-06-04,125.26
2019-06-06,123.16
2019-06-07,123.44
2019-06-10,124.14
2019-06-11,124.67
2019-06-12,123.89
2019-06-13,123.81
2019-06-14,122.86
2019-06-17,121.49
2019-06-18,121.8
2019-06-19,121.46
2019-06-20,123.26
2019-06-21,122.33
2019-06-24,122.16
2019-06-25,122.89
2019-06-26,123.34
2019-06-27,123.47
2019-06-28,122.98
2019-07-01,123.68
2019-07-02,123.85
2019-07-03,123.7
2019-07-04,124.06
2019-07-05,122.69
2019-07-08,120.68
2019-07-09,120.52
2019-07-10,119.83
2019-07-11,120.6
2019-07-12,120.69
2019-07-15,121.12
2019-07-16,121.83
2019-07-17,122.01
2019-07-18,120.91
2019-07-19,119.19
2019-07-22,118.84
2019-07-23,118.79
2019-07-24,118.1
2019-07-25,118.56
2019-07-26,118.78
2019-07-29,118.07
2019-07-30,117.14
2019-07-31,117.53
2019-08-01,115.99
2019-08-02,116.39
2019-08-05,115.65
2019-08-06,116.69
2019-08-07,115.98
2019-08-08,117.51
2019-08-09,118.12
2019-08-13,115.8
2019-08-14,116.89
2019-08-16,116.94
2019-08-19,117.2
2019-08-20,117.03
2019-08-21,116.16
2019-08-22,114.72
2019-08-23,115.43
2019-08-26,117.47
2019-08-27,117.84
2019-08-28,117.28
2019-08-29,116.61
2019-08-30,117.51
2019-09-03,115.41
2019-09-04,115.84
2019-09-05,115.88
2019-09-06,116.81
2019-09-09,117.32
2019-09-11,117.59
2019-09-12,117.24
2019-09-13,118.06
2019-09-16,117.58
2019-09-17,115.53
2019-09-18,115.79
2019-09-19,114.34
2019-09-20,120.46
2019-09-23,123.59
2019-09-24,123.24
2019-09-25,121.52
2019-09-26,122.99
2019-09-27,122.32
2019-09-30,121.75
2019-10-01,120.62
2019-10-03,119.87
2019-10-04,118.42
2019-10-07,117.91
2019-10-09,119.75
2019-10-10,118.74
2019-10-11,119.46
2019-10-14,119.91
2019-10-15,120.5
2019-10-16,120.64
2019-10-17,121.98
2019-10-18,122.77
2019-10-22,121.88
2019-10-23,122.31
2019-10-24,122.08
2019-10-25,122.24
2019-10-29,124.66
2019-10-30,125.32
2019-10-31,125.63
2019-11-01,125.54
2019-11-04,125.94
2019-11-05,125.55
2019-11-06,125.92
2019-11-07,126.35
2019-11-08,125.55
2019-11-11,125.64
2019-11-13,124.47
2019-11-14,125.14
2019-11-15,125.62
2019-11-18,125.59
2019-11-19,126.04
2019-11-20,126.63
2019-11-21,126.16
2019-11-22,125.37
2019-11-25,127.08
2019-11-26,126.75
2019-11-27,127.21
2019-11-28,127.59
2019-11-29,126.93
2019-12-02,126.78
2019-12-03,126.26
2019-12-04,127.12
2019-12-05,126.78
2019-12-06,125.74
2019-12-09,125.86
2019-12-10,125.27
2019-12-11,125.85
2019-12-12,126.31
2019-12-13,127.41
2019-12-16,127.23
2019-12-17,128.37
2019-12-18,128.81
2019-12-19,129.16
2019-12-20,129.28
2019-12-23,129.21
2019-12-24,128.82
2019-12-26,128.16
2019-12-27,129.39
2019-12-30,129.48
2019-12-31,128.81
2020-01-01,128.85
2020-01-02,129.73
2020-01-03,129.45
2020-01-06,127.44
2020-01-07,127.91
2020-01-08,127.93
2020-01-09,129.72
2020-01-10,130.24
2020-01-13,130.98
2020-01-14,131.44
2020-01-15,131.63
2020-01-16,131.99
2020-01-17,131.79
2020-01-20,130.92
2020-01-21,130.21
2020-01-22,129.85
2020-01-23,130.82
2020-01-24,131.54
2020-01-27,130.75
2020-01-28,130.1
2020-01-29,130.43
2020-01-30,129.81
2020-01-31,129.29
2020-02-03,127.26
2020-02-04,129.89
2020-02-05,131.19
2020-02-06,131.63
2020-02-07,131.32
2020-02-10,130.85
2020-02-11,131.53
2020-02-12,132.45
2020-02-13,132.46
2020-02-14,131.86
2020-02-17,131.42
2020-02-18,130.94
2020-02-19,132.15
2020-02-20,131.81
2020-02-24,129.44
2020-02-25,128.98
2020-02-26,127.64
2020-02-27,127.47
2020-02-28,122.88
2020-03-02,122.26
2020-03-03,123.97
2020-03-04,123.52
2020-03-05,123.86
2020-03-06,121.52
2020-03-09,116.52
2020-03-11,116.13
2020-03-12,107.32
2020-03-13,111.17
2020-03-16,103.47
2020-03-17,101.21
2020-03-18,96.1
2020-03-19,94.07
2020-03-20,98.54
2020-03-23,86.48
2020-03-24,88.57
2020-03-25,93.15
2020-03-26,96.22
2020-03-27,96.45
2020-03-30,92.78
2020-03-31,95.71
2020-04-01,92.23
2020-04-03,90.12
2020-04-07,97.3
2020-04-08,97.35
2020-04-09,101.72
2020-04-13,100.74
2020-04-15,100.24
2020-04-16,101.27
2020-04-17,104.1
2020-04-20,103.87
2020-04-21,101.12
2020-04-22,102.67
2020-04-23,103.9
2020-04-24,102.0
2020-04-27,103.2
2020-04-28,104.16
2020-04-29,105.89
2020-04-30,108.68
2020-05-04,103.12
2020-05-05,101.79
2020-05-06,102.82
2020-05-07,101.77
2020-05-08,102.33
2020-05-11,102.39
2020-05-12,102.36
2020-05-13,104.23
2020-05-14,101.94
2020-05-15,101.77
2020-05-18,98.35
2020-05-19,99.2
2020-05-20,101.05
2020-05-21,101.76
2020-05-22,101.32
2020-05-26,101.19
2020-05-27,103.53
2020-05-28,105.22
2020-05-29,106.2
2020-06-01,108.37
2020-06-02,109.68
2020-06-03,110.56
2020-06-04,110.4
2020-06-05,111.69
2020-06-08,111.82
2020-06-09,110.61
2020-06-10,111.02
2020-06-11,108.82
2020-06-12,109.63
2020-06-15,108.29
2020-06-16,109.28
2020-06-17,109.2
2020-06-18,110.81
2020-06-19,112.17
2020-06-22,113.2
2020-06-23,114.76
2020-06-24,113.01
2020-06-25,112.8
2020-06-26,113.72
2020-06-29,112.81
2020-06-30,112.78
2020-07-01,113.69
2020-07-02,114.87
2020-07-03,115.66
2020-07-06,116.9
2020-07-07,117.57
2020-07-08,116.36
2020-07-09,117.43
2020-07-10,116.73
2020-07-13,117.01
2020-07-14,115.34
2020-07-15,115.52
2020-07-16,116.76
2020-07-17,118.2
2020-07-20,119.29
2020-07-21,120.23
2020-07-22,119.7
2020-07-23,120.58
2020-07-24,119.89
2020-07-27,118.96
2020-07-28,120.25
2020-07-29,120.01
2020-07-30,119.52
2020-07-31,119.64
2020-08-03,118.43
2020-08-04,119.92
2020-08-05,120.39
2020-08-06,121.39
2020-08-07,121.47
2020-08-10,122.68
2020-08-11,122.67
2020-08-12,122.68
2020-08-13,123.01
2020-08-14,121.83
2020-08-17,122.46
2020-08-18,124.0
2020-08-19,124.55
2020-08-20,123.8
2020-08-21,124.58
2020-08-24,125.58
2020-08-25,125.82
2020-08-26,126.34
2020-08-27,126.66
2020-08-28,127.54
2020-08-31,124.18
2020-09-01,125.19
2020-09-02,125.94
2020-09-03,126.14
2020-09-04,123.98
2020-09-07,123.97
2020-09-08,123.33
2020-09-09,122.61
2020-09-10,123.71
2020-09-11,124.07
2020-09-14,124.48
2020-09-15,125.61
2020-09-16,126.54
2020-09-17,125.74
2020-09-18,125.81
2020-09-21,122.66
2020-09-22,121.93
2020-09-23,121.5
2020-09-24,117.96
2020-09-25,120.74
2020-09-28,122.84
2020-09-29,122.74
2020-09-30,123.06
2020-10-01,124.78
2020-10-05,125.82
2020-10-06,127.28
2020-10-07,127.87
2020-10-08,128.82
2020-10-09,129.54
2020-10-12,129.58
2020-10-13,129.19
2020-10-14,129.55
2020-10-15,126.88
2020-10-16,128.25
2020-10-19,129.07
2020-10-20,129.52
2020-10-21,130.02
2020-10-22,129.63
2020-10-23,130.3
2020-10-26,128.45
2020-10-27,129.71
2020-10-28,128.16
2020-10-29,127.74
2020-10-30,126.97
2020-11-02,128.09
2020-11-03,129.65
2020-11-04,130.56
2020-11-05,132.64
2020-11-06,133.64
2020-11-09,135.98
2020-11-10,136.79
2020-11-11,138.59
2020-11-12,138.43
2020-11-13,139.03
2020-11-17,140.95
2020-11-18,141.46
2020-11-19,139.53
2020-11-20,140.72
2020-11-23,141.47
2020-11-24,142.7
2020-11-25,140.07
2020-11-26,141.21
2020-11-27,141.72
2020-12-01,143.24
2020-12-02,143.42
2020-12-03,143.71
2020-12-04,145.23
2020-12-07,146.47
2020-12-08,146.6
2020-12-09,147.65
2020-12-10,147.13
2020-12-11,147.41
2020-12-14,147.81
2020-12-15,147.72
2020-12-16,148.93
2020-12-17,149.49
2020-12-18,149.97
2020-12-21,145.22
2020-12-22,147.01
2020-12-23,148.68
2020-12-24,150.06
2020-12-28,151.3
2020-12-29,152.01
2020-12-30,152.51
2020-12-31,152.86
2021-01-01,153.23
2021-01-04,154.74
2021-01-05,155.55
2021-01-06,155.41
2021-01-07,155.6
2021-01-08,157.84
2021-01-11,159.55
2021-01-12,159.99
2021-01-13,159.8
2021-01-14,160.01
2021-01-15,158.26
2021-01-18,156.12
2021-01-19,158.66
2021-01-20,159.97
2021-01-21,159.05
2021-01-22,156.97
2021-01-25,156.0
2021-01-27,152.89
2021-01-28,151.6
2021-01-29,149.19
2021-02-01,155.65
2021-02-02,159.64
2021-02-03,161.29
2021-02-04,162.79
2021-02-05,162.69
2021-02-08,165.38
2021-02-09,165.15
2021-02-10,164.92
2021-02-11,165.38
2021-02-12,165.13
2021-02-15,167.05
2021-02-16,166.38
2021-02-17,165.32
2021-02-18,164.45
2021-02-19,162.77
2021-02-22,159.8
2021-02-23,160.44
2021-02-24,162.9
2021-02-25,163.43
2021-02-26,158.2
2021-03-01,160.32
2021-03-02,162.46
2021-03-03,165.76
2021-03-04,164.57
2021-03-05,162.74
2021-03-08,162.79
2021-03-09,163.74
2021-03-10,164.78
2021-03-12,163.73
2021-03-15,162.76
2021-03-16,162.61
2021-03-17,160.73
2021-03-18,158.74
2021-03-19,160.45
2021-03-22,160.61
2021-03-23,161.98
2021-03-24,159.33
2021-03-25,157.01
2021-03-26,159.37
2021-03-30,162.95
2021-03-31,161.76
2021-04-01,163.21
2021-04-05,160.71
2021-04-06,161.06
2021-04-07,162.77
2021-04-08,163.56
2021-04-09,163.54
2021-04-12,157.98
2021-04-13,159.58
2021-04-15,160.41
2021-04-16,160.83
2021-04-19,158.47
2021-04-20,158.06
2021-04-22,158.94
2021-04-23,157.96
2021-04-26,159.56
2021-04-27,161.51
2021-04-28,163.75
2021-04-29,163.78
2021-04-30,161.29
2021-05-03,161.64
2021-05-04,160.02
2021-05-05,161.44
2021-05-06,162.62
2021-05-07,163.3
2021-05-10,164.49
2021-05-11,163.97
2021-05-12,162.76
2021-05-14,161.98
2021-05-17,164.37
2021-05-18,166.16
2021-05-19,165.48
2021-05-20,164.29
2021-05-21,166.95
2021-05-24,167.34
2021-05-25,167.73
2021-05-26,168.62
2021-05-27,168.74
2021-05-28,168.99
2021-05-31,170.66
2021-06-01,170.16
2021-06-02,170.17
2021-06-03,171.65
2021-06-04,171.33
2021-06-07,172.23
2021-06-08,172.56
2021-06-09,171.49
2021-06-10,173.71
2021-06-11,174.32
2021-06-14,174.67
2021-06-15,175.27
2021-06-16,174.27
2021-06-17,173.6
2021-06-18,173.69
2021-06-21,173.96
2021-06-22,174.45
2021-06-23,173.59
2021-06-24,174.78
2021-06-25,176.07
2021-06-28,175.86
2021-06-29,175.03
2021-06-30,174.89
2021-07-01,174.78
2021-07-02,175.32
2021-07-05,176.53
2021-07-06,176.26
2021-07-07,176.86
2021-07-08,175.52
2021-07-09,175.22
2021-07-12,175.02
2021-07-13,176.13
2021-07-14,176.61
2021-07-15,176.92
2021-07-16,177.05
2021-07-19,175.41
2021-07-20,173.99
2021-07-22,176.92
2021-07-23,177.74
2021-07-26,177.7
2021-07-27,176.71
2021-07-28,176.64
2021-07-29,177.52
2021-07-30,177.67
2021-08-02,179.12
2021-08-03,181.57
2021-08-04,182.4
2021-08-05,182.88
2021-08-06,182.27
2021-08-09,182.28
2021-08-10,182.48
2021-08-11,181.84
2021-08-12,182.82
2021-08-13,184.21
2021-08-16,183.99
2021-08-17,184.92
2021-08-18,184.74
2021-08-20,183.14
2021-08-23,183.29
2021-08-24,184.48
2021-08-25,184.5
2021-08-26,184.36
2021-08-27,185.3
2021-08-30,188.35
2021-08-31,191.36
2021-09-01,191.72
2021-09-02,193.77
2021-09-03,194.17
2021-09-06,194.7
2021-09-07,194.36
2021-09-08,194.37
2021-09-09,194.76
2021-09-13,194.91
2021-09-14,195.21
2021-09-15,197.04
2021-09-16,197.54
2021-09-17,196.76
2021-09-20,194.29
2021-09-21,195.94
2021-09-22,196.16
2021-09-23,198.68
2021-09-24,198.89
2021-09-27,198.66
2021-09-28,196.59
2021-09-29,196.36
2021-09-30,195.72
2021-10-01,194.61
2021-10-04,196.35
2021-10-05,197.29
2021-10-06,195.22
2021-10-07,197.65
2021-10-08,198.88
2021-10-11,200.14
2021-10-12,200.86
2021-10-13,202.91
2021-10-14,203.96
2021-10-18,205.52
2021-10-19,204.44
2021-10-20,202.54
2021-10-21,201.71
2021-10-22,200.8
2021-10-25,200.74
2021-10-26,202.92
2021-10-27,203.04
2021-10-28,199.74
2021-10-29,198.67
2021-11-01,201.69
2021-11-02,202.01
2021-11-03,201.26
2021-11-08,204.62
2021-11-09,204.93
2021-11-10,204.97
2021-11-11,203.46
2021-11-12,206.02
2021-11-15,205.98
2021-11-16,205.33
2021-11-17,204.27
2021-11-18,202.41
2021-11-22,198.79
2021-11-23,199.97
2021-11-24,198.78
2021-11-25,199.14
2021-11-26,193.83
2021-11-29,193.23
2021-11-30,193.27
2021-12-01,194.62
2021-12-02,196.82
2021-12-03,195.26
2021-12-06,191.92
2021-12-07,194.86
2021-12-08,198.15
2021-12-09,198.72
2021-12-10,198.93
2021-12-13,197.79
2021-12-14,197.7
2021-12-15,196.48
2021-12-16,196.42
2021-12-17,193.28
2021-12-20,188.82
2021-12-21,190.64
2021-12-22,193.3
2021-12-23,194.44
2021-12-24,193.46
2021-12-27,194.62
2021-12-28,196.48
2021-12-29,196.43
2021-12-30,196.08
2021-12-31,198.05
2022-01-03,200.76
2022-01-04,202.35
2022-01-05,203.12
2022-01-06,201.82
2022-01-07,202.62
2022-01-10,204.46
2022-01-11,204.81
2022-01-12,206.29
2022-01-13,206.96
2022-01-14,207.02
2022-01-17,207.72
2022-01-18,205.48
2022-01-19,203.62
2022-01-20,201.96
2022-01-21,199.6
2022-01-24,193.99
2022-01-25,195.44
2022-01-27,192.76
2022-01-28,192.68
2022-01-31,195.34
2022-02-01,198.11
2022-02-02,200.0
2022-02-03,198.04
2022-02-04,197.56
2022-02-07,194.58
2022-02-08,194.76
2022-02-09,196.95
2022-02-10,197.9
2022-02-11,194.66
2022-02-14,188.39
2022-02-15,193.82
2022-02-16,193.28
2022-02-17,192.66
2022-02-18,191.91
2022-02-21,191.24
2022-02-22,189.83
2022-02-23,190.03
2022-02-24,181.06
2022-02-25,185.88
2022-02-28,187.21
2022-03-02,184.44
2022-03-03,182.86
2022-03-04,179.86
2022-03-07,175.49
2022-03-08,177.61
2022-03-09,181.27
2022-03-10,183.57
2022-03-11,184.09
2022-03-14,186.09
2022-03-15,184.76
2022-03-16,188.01
2022-03-17,191.16
2022-03-21,189.19
2022-03-22,190.96
2022-03-23,190.4
2022-03-24,190.09
2022-03-25,189.31
2022-03-28,190.18
2022-03-29,191.83
2022-03-30,193.67
2022-03-31,193.67
2022-04-01,195.42
2022-04-04,199.07
2022-04-05,198.83
2022-04-06,197.39
2022-04-07,195.92
2022-04-08,197.21
2022-04-11,196.01
2022-04-12,194.34
2022-04-13,193.66
2022-04-18,190.36
2022-04-19,187.82
2022-04-20,189.33
2022-04-21,191.98
2022-04-22,189.6
2022-04-25,187.05
2022-04-26,189.73
2022-04-27,187.85
2022-04-28,189.42
2022-04-29,188.13
2022-05-02,187.26
2022-05-04,182.74
2022-05-05,182.91
2022-05-06,179.5
2022-05-09,178.31
2022-05-10,177.69
2022-05-11,176.58
2022-05-12,173.3
2022-05-13,173.46
2022-05-16,174.55
2022-05-17,178.54
2022-05-18,178.08
2022-05-19,173.58
2022-05-20,177.28
2022-05-23,177.12
2022-05-24,176.07
2022-05-25,174.64
2022-05-26,176.57
2022-05-27,178.52
2022-05-30,182.44
2022-05-31,182.12
2022-06-01,181.43
2022-06-02,181.96
2022-06-03,180.82
2022-06-06,180.17
2022-06-07,178.34
2022-06-08,177.45
2022-06-09,178.85
2022-06-10,176.48
2022-06-13,172.1
2022-06-14,171.98
2022-06-15,172.14
2022-06-16,168.63
2022-06-17,167.18
2022-06-20,167.75
2022-06-21,170.99
2022-06-22,169.16
2022-06-23,171.51
2022-06-24,172.9
2022-06-27,174.23
2022-06-28,174.09
2022-06-29,173.27
2022-06-30,172.96
2022-07-01,173.66
2022-07-04,174.66
2022-07-05,174.61
2022-07-06,176.92
2022-07-07,178.61
2022-07-08,179.43
2022-07-11,179.6
2022-07-12,177.95
2022-07-13,177.17
2022-07-14,176.97
2022-07-15,178.05
2022-07-18,180.5
2022-07-19,181.07
2022-07-20,182.34
2022-07-21,183.87
2022-07-22,184.74
2022-07-25,184.14
2022-07-26,182.08
2022-07-27,183.48
2022-07-28,185.76
2022-07-29,187.7
2022-08-01,189.79
2022-08-02,189.95
2022-08-03,190.22
2022-08-04,190.44
2022-08-05,190.95
2022-08-08,191.85
2022-08-10,191.88
2022-08-11,193.73
2022-08-12,193.76
2022-08-16,195.26
2022-08-17,196.69
2022-08-18,196.94
2022-08-19,195.0
2022-08-22,191.7
2022-08-23,192.81
2022-08-24,193.14
2022-08-25,192.79
2022-08-26,192.84
2022-08-29,190.48
2022-08-30,194.8
2022-09-01,193.29
2022-09-02,193.31
2022-09-05,194.24
2022-09-06,194.2
2022-09-07,194.03
2022-09-08,196.17
2022-09-09,196.61
2022-09-12,197.79
2022-09-13,198.69
2022-09-14,197.96
2022-09-15,197.08
2022-09-16,193.28
2022-09-19,193.8
2022-09-20,196.2
2022-09-21,194.76
2022-09-22,194.33
2022-09-23,191.25
2022-09-26,188.38
2022-09-27,188.24
2022-09-28,187.52
2022-09-29,187.18
2022-09-30,190.12
2022-10-03,187.88
2022-10-04,191.43
2022-10-06,192.02
2022-10-07,191.95
2022-10-10,191.33
2022-10-11,188.62
2022-10-12,189.59
2022-10-13,188.14
2022-10-14,189.77
2022-10-17,190.78
2022-10-18,192.26
2022-10-19,192.31
2022-10-20,192.44
2022-10-21,192.62
2022-10-25,194.4
2022-10-27,195.27
2022-10-28,195.09
2022-10-31,197.88
2022-11-01,198.89
2022-11-02,197.86
2022-11-03,197.14
2022-11-04,197.0
2022-11-07,197.65
2022-11-09,196.76
2022-11-10,195.6
2022-11-11,198.68
2022-11-14,198.77
2022-11-15,199.53
2022-11-16,199.39
2022-11-17,198.56
2022-11-18,198.33
2022-11-21,197.36
2022-11-22,197.85
2022-11-23,198.07
2022-11-24,200.11
2022-11-25,200.51
2022-11-28,200.62
2022-11-29,200.9
2022-11-30,202.36
2022-12-01,203.01
2022-12-02,202.0
2022-12-05,201.77
2022-12-06,200.79
2022-12-07,200.12
2022-12-08,200.8
2022-12-09,199.64
2022-12-12,199.11
2022-12-13,199.92
2022-12-14,200.69
2022-12-15,198.24
2022-12-16,196.46
2022-12-19,197.72
2022-12-20,197.19
2022-12-21,195.24
2022-12-22,194.68
2022-12-23,191.38
2022-12-26,193.64
2022-12-27,195.02
2022-12-28,194.82
2022-12-29,195.64
2022-12-30,194.5
2023-01-02,195.34
2023-01-03,196.04
2023-01-04,194.45
2023-01-05,193.68
2023-01-06,191.99
2023-01-09,194.01
2023-01-10,192.19
2023-01-11,192.07
2023-01-12,191.81
2023-01-13,192.78
2023-01-16,191.91
2023-01-17,192.84
2023-01-18,193.71
2023-01-19,193.07
2023-01-20,192.18
2023-01-23,193.09
2023-01-24,193.4
2023-01-25,191.05
2023-01-27,188.48
2023-01-30,189.25
2023-01-31,189.62
2023-02-01,190.22
2023-02-02,190.66
2023-02-03,192.54
2023-02-06,191.81
2023-02-07,191.31
2023-02-08,192.65
2023-02-09,192.93
2023-02-10,192.69
2023-02-13,191.33
2023-02-14,192.22
2023-02-15,193.22
2023-02-16,193.66
2023-02-17,192.86
2023-02-20,192.08
2023-02-21,191.72
2023-02-22,189.26
2023-02-23,188.79
2023-02-24,188.55
2023-02-27,187.63
2023-02-28,186.91
2023-03-01,188.34
2023-03-02,186.85
2023-03-03,188.69
2023-03-06,190.06
2023-03-08,190.1
2023-03-09,188.57
2023-03-10,187.11
2023-03-13,184.43
2023-03-14,183.42
2023-03-15,182.78
2023-03-16,182.57
2023-03-17,183.66
2023-03-20,182.74
2023-03-21,183.77
2023-03-22,184.14
2023-03-23,183.48
2023-03-24,182.39
2023-03-27,182.1
2023-03-28,181.51
2023-03-29,182.65
2023-03-31,185.51
2023-04-03,186.41
2023-04-05,187.89
2023-04-06,188.24
2023-04-10,188.23
2023-04-11,188.88
2023-04-12,190.15
2023-04-13,190.05
2023-04-17,188.23
2023-04-18,188.06
2023-04-19,187.24
2023-04-20,187.37
2023-04-21,186.99
2023-04-24,188.01
2023-04-25,188.17
2023-04-26,188.54
2023-04-27,189.72
2023-04-28,190.81
2023-05-02,191.8
2023-05-03,191.38
2023-05-04,193.11
2023-05-05,191.81
2023-05-08,193.63
2023-05-09,193.88
2023-05-10,194.51
2023-05-11,194.86
2023-05-12,195.29
2023-05-15,195.74
2023-05-16,195.27
2023-05-17,194.09
2023-05-18,193.81
2023-05-19,194.59
2023-05-22,195.58
2023-05-23,195.76
2023-05-24,195.35
2023-05-25,196.02
2023-05-26,197.73
2023-05-29,198.46
2023-05-30,198.69
2023-05-31,198.32
2023-06-01,198.32
2023-06-02,199.04
2023-06-05,199.72
2023-06-06,199.81
2023-06-07,201.09
2023-06-08,199.91
2023-06-09,199.63
2023-06-12,200.11
2023-06-13,201.39
2023-06-14,201.44
2023-06-15,201.19
2023-06-16,202.76
2023-06-19,201.99
2023-06-20,202.8
2023-06-21,203.16
2023-06-22,202.04
2023-06-23,200.93
2023-06-26,201.64
2023-06-27,203.29
2023-06-28,204.75
2023-06-30,206.81
2023-07-03,207.41
2023-07-04,207.7
2023-07-05,208.16
2023-07-06,208.69
2023-07-07,207.06
2023-07-10,206.69
2023-07-11,207.69
2023-07-12,207.22
2023-07-13,208.07
2023-07-14,210.17
2023-07-17,211.03
2023-07-18,211.21
2023-07-19,212.02
2023-07-20,213.08
2023-07-21,211.14
2023-07-24,210.52
2023-07-25,210.73
2023-07-26,211.64
2023-07-27,211.29
2023-07-28,211.29
2023-07-31,212.46
2023-08-01,212.62
2023-08-02,210.33
2023-08-03,209.05
2023-08-04,210.96
2023-08-07,211.57
2023-08-08,211.55
2023-08-09,211.7
2023-08-10,210.62
2023-08-11,209.5
2023-08-14,209.43
2023-08-16,209.61
2023-08-17,208.73
2023-08-18,208.1
2023-08-21,209.18
2023-08-22,209.4
2023-08-23,210.15
2023-08-24,210.31
2023-08-25,209.14
2023-08-28,209.76
2023-08-29,210.19
2023-08-30,210.89
2023-08-31,210.37
2023-09-01,212.29
2023-09-04,213.33
2023-09-05,213.84
2023-09-06,214.18
2023-09-07,215.35
2023-09-08,216.55
2023-09-11,218.09
2023-09-12,217.61
2023-09-13,218.16
2023-09-14,218.81
2023-09-15,219.8
2023-09-18,218.94
2023-09-20,217.16
2023-09-21,215.32
2023-09-22,214.72
2023-09-25,214.91
2023-09-26,214.57
2023-09-27,215.16
2023-09-29,214.41
2023-10-03,213.92
2023-10-04,212.62
2023-10-05,213.95
2023-10-06,215.09
2023-10-09,213.66
2023-10-10,215.41
2023-10-11,216.54
2023-10-12,216.33
2023-10-13,215.85
2023-10-16,215.64
2023-10-17,216.34
2023-10-18,214.86
2023-10-19,214.54
2023-10-20,213.71
2023-10-23,210.78
2023-10-25,209.25
2023-10-26,206.61
2023-10-27,208.66
2023-10-30,209.17
2023-10-31,208.51
2023-11-01,207.57
2023-11-02,209.17
2023-11-03,210.4
2023-11-06,212.39
2023-11-07,212.68
2023-11-08,213.09
2023-11-09,212.54
2023-11-10,212.74
2023-11-13,212.88
2023-11-15,215.39
2023-11-16,216.53
2023-11-17,216.45
2023-11-20,216.17
2023-11-21,216.87
2023-11-22,217.31
2023-11-23,216.96
2023-11-24,216.75
2023-11-28,217.72
2023-11-29,219.7
2023-11-30,220.71
2023-12-01,221.95
2023-12-04,225.41
2023-12-05,226.53
2023-12-06,227.02
2023-12-07,226.82
2023-12-08,227.53
2023-12-11,228.12
2023-12-12,227.2
2023-12-13,227.08
2023-12-14,230.18
2023-12-15,232.37
2023-12-18,231.93
2023-12-19,232.08
2023-12-20,228.47
2023-12-21,229.63
2023-12-22,230.87
2023-12-26,231.52
2023-12-27,233.83
2023-12-28,234.75
2023-12-29,234.92
2024-01-01,234.76
2024-01-02,233.82
2024-01-03,231.79
2024-01-04,233.56
2024-01-05,234.19
2024-01-08,232.1
2024-01-09,232.55
2024-01-10,233.18
2024-01-11,233.68
2024-01-12,236.06
2024-01-15,237.72
2024-01-16,236.7
2024-01-17,232.9
2024-01-18,231.25
2024-01-19,233.23
2024-01-23,229.97
2024-01-24,231.84
2024-01-25,230.49
2024-01-29,233.4
2024-01-30,231.23
2024-01-31,233.58
2024-02-01,233.79
2024-02-02,235.12
2024-02-05,233.96
2024-02-06,236.2
2024-02-07,236.61
2024-02-08,234.71
2024-02-09,234.83
2024-02-12,233.05
2024-02-13,234.47
2024-02-14,234.93
2024-02-15,235.55
2024-02-16,236.97
2024-02-19,237.74
2024-02-20,238.28
2024-02-21,236.88
2024-02-22,238.5
2024-02-23,238.36
2024-02-26,236.82
2024-02-27,238.0
2024-02-28,235.91
2024-02-29,236.39
2024-03-01,239.11
2024-03-04,239.42
2024-03-05,238.77
2024-03-06,239.69
2024-03-07,239.95
2024-03-11,238.75
2024-03-12,239.16
2024-03-13,235.61
2024-03-14,237.57
2024-03-15,236.62
2024-03-18,237.04
2024-03-19,234.93
2024-03-20,235.22
2024-03-21,237.36
2024-03-22,237.91
2024-03-26,237.74
2024-03-27,239.25
2024-03-28,241.14
2024-03-31,241.11
2024-04-01,242.21
2024-04-02,241.68
2024-04-03,241.68
2024-04-04,242.78
2024-04-05,243.09
2024-04-08,245.3
2024-04-09,245.35
2024-04-10,246.45
2024-04-12,244.18
2024-04-15,241.26
2024-04-16,239.68
2024-04-18,238.91
2024-04-19,240.3
2024-04-22,242.68
2024-04-23,243.4
2024-04-24,244.47
2024-04-25,244.76
2024-04-26,243.5
2024-04-29,245.64
2024-04-30,245.75
2024-05-02,245.97
2024-05-03,244.17
2024-05-06,244.12
2024-05-07,242.92
2024-05-08,243.33
2024-05-09,239.74
2024-05-10,241.15
2024-05-13,241.88
2024-05-14,242.35
2024-05-15,242.27
2024-05-16,244.61
2024-05-17,245.56
2024-05-21,246.35
2024-05-22,247.41
2024-05-23,250.37
2024-05-24,250.26
2024-05-27,250.46
2024-05-28,249.59
2024-05-29,247.52
2024-05-30,245.71
2024-05-31,245.94
2024-06-03,251.55
2024-06-04,240.21
2024-06-05,249.61
2024-06-06,251.4
2024-06-07,255.96
2024-06-10,256.2
2024-06-11,255.7
2024-06-12,256.34
2024-06-13,257.0
2024-06-14,258.0
2024-06-18,260.0
2024-06-19,259.66
2024-06-20,260.13
2024-06-21,260.14
2024-06-24,260.84
2024-06-25,262.3
2024-06-26,264.04
2024-06-27,265.67
2024-06-28,264.19
2024-07-01,266.03
2024-07-02,265.59
2024-07-03,267.4
2024-07-04,267.68
2024-07-05,267.91
2024-07-08,268.02
2024-07-09,268.82
2024-07-10,268.3
2024-07-11,268.23
2024-07-12,270.03
2024-07-15,270.73
2024-07-16,271.09
2024-07-18,272.52
2024-07-19,269.46
2024-07-22,269.75
2024-07-23,269.57
2024-07-24,269.55
2024-07-25,269.69
2024-07-26,273.55
2024-07-29,273.26
2024-07-30,273.52
2024-07-31,274.44
2024-08-01,274.9
2024-08-02,272.3
2024-08-05,265.43
2024-08-06,264.77
2024-08-07,268.23
2024-08-08,266.42
2024-08-09,268.5
2024-08-12,269.13
2024-08-13,266.95
2024-08-14,267.1
2024-08-16,271.35
2024-08-19,271.54
2024-08-20,273.12
2024-08-21,274.12
2024-08-22,275.14
2024-08-23,274.99
2024-08-26,276.92
2024-08-27,277.56
2024-08-28,278.82
2024-08-29,279.35
2024-08-30,280.43
2024-09-02,280.96
2024-09-03,280.7
2024-09-04,280.4
2024-09-05,280.23
2024-09-06,277.62
2024-09-09,278.7
2024-09-10,280.0
2024-09-11,279.21
2024-09-12,283.34
2024-09-13,283.1
2024-09-16,283.32
2024-09-17,283.73
2024-09-18,283.13
2024-09-19,284.11
2024-09-20,287.48
2024-09-23,288.64
2024-09-24,288.51
2024-09-25,288.32
2024-09-26,289.76
2024-09-27,288.95
2024-09-30,285.55
2024-10-01,284.98
2024-10-03,279.68
2024-10-04,277.03
2024-10-07,274.31
2024-10-08,276.33
2024-10-09,277.28
2024-10-10,277.42
2024-10-11,277.24
2024-10-14,277.83
2024-10-15,277.43
2024-10-16,276.5
2024-10-17,274.31
2024-10-18,274.47
2024-10-21,272.51
2024-10-22,269.34
2024-10-23,270.08
2024-10-24,269.77
2024-10-25,266.24
2024-10-28,266.6
2024-10-29,267.35
2024-10-30,266.06
2024-10-31,264.59
2024-11-04,263.06
2024-11-05,265.13
2024-11-06,268.22
2024-11-07,265.57
2024-11-08,265.18
2024-11-11,265.3
2024-11-12,262.61
2024-11-13,259.12
2024-11-14,259.55
2024-11-18,257.95
2024-11-19,258.86
2024-11-21,257.6
2024-11-22,262.87
2024-11-25,265.26
2024-11-26,265.69
2024-11-27,266.38
2024-11-28,263.35
2024-11-29,265.47
2024-12-02,266.62
2024-12-03,268.23
2024-12-04,268.6
2024-12-05,270.92
2024-12-06,270.69
2024-12-09,270.25
2024-12-10,270.52
2024-12-11,270.67
2024-12-12,270.13
2024-12-13,272.16
2024-12-16,271.75
2024-12-17,268.47
2024-12-18,266.67
2024-12-19,264.39
2024-12-20,260.3
2024-12-23,261.58
2024-12-24,261.44
2024-12-26,261.7
2024-12-27,262.58
2024-12-30,261.39
2024-12-31,261.27
2025-01-01,262.55
2025-01-02,266.93
2025-01-03,266.07
2025-01-06,262.16
2025-01-07,262.97
2025-01-08,262.34
2025-01-09,260.66
2025-01-10,259.23
2025-01-13,254.28
2025-01-14,255.26
2025-01-15,256.11
2025-01-16,257.86
2025-01-17,256.68
2025-01-20,257.95
2025-01-21,254.58
2025-01-22,255.54
2025-01-23,256.96
2025-01-24,255.3
2025-01-27,251.36
2025-01-28,252.7
2025-01-29,255.61
2025-01-30,256.5
2025-01-31,259.36
2025-02-03,259.55
2025-02-04,263.01
2025-02-05,263.04
2025-02-06,262.03
2025-02-07,261.96
2025-02-10,259.73
2025-02-11,256.13
2025-02-12,255.98
2025-02-13,255.94
2025-02-14,254.21
2025-02-17,254.25
2025-02-18,254.38
2025-02-19,254.83
2025-02-20,254.75
2025-02-21,253.2
2025-02-24,250.33
2025-02-25,250.22
2025-02-27,249.24
2025-02-28,243.92
2025-03-03,244.45
2025-03-04,243.65
2025-03-05,246.11
2025-03-06,248.27
2025-03-07,247.86
2025-03-10,246.31
2025-03-11,245.36
2025-03-12,245.14
2025-03-13,244.53
2025-03-17,246.03
2025-03-18,249.53
2025-03-19,250.7
2025-03-20,253.08
2025-03-21,254.76
2025-03-24,257.5
2025-03-25,257.49
2025-03-26,255.7
2025-03-27,257.17
2025-03-28,256.45
2025-03-31,256.42
2025-04-01,253.18
2025-04-02,255.81
2025-04-03,254.76
2025-04-04,250.87
2025-04-07,243.7
2025-04-08,247.63
2025-04-09,246.71
2025-04-11,250.41
2025-04-15,256.03
2025-04-16,257.4
2025-04-17,261.03
2025-04-21,263.73
2025-04-22,264.45
2025-04-23,266.49
2025-04-24,265.76
2025-04-25,263.1
2025-04-28,265.71
2025-04-29,265.78
2025-04-30,265.88
2025-05-02,265.68
2025-05-05,266.63
2025-05-06,265.15
2025-05-07,265.88
2025-05-08,264.0
2025-05-09,261.56
2025-05-12,270.59
2025-05-13,267.88
2025-05-14,268.76
2025-05-15,272.18
2025-05-16,272.3
2025-05-19,271.89
2025-05-20,268.85
2025-05-21,270.28
2025-05-22,268.43
2025-05-23,270.94
2025-05-26,272.11
2025-05-27,270.32
2025-05-28,270.02
2025-05-29,270.73
2025-05-30,269.7
2025-06-02,269.32
2025-06-03,267.73
2025-06-04,268.7
2025-06-05,269.97
2025-06-06,273.12
2025-06-09,274.91
2025-06-10,274.62
2025-06-11,275.11
2025-06-12,272.42
2025-06-13,270.8
2025-06-16,273.07
2025-06-17,271.93
2025-06-18,271.95
2025-06-19,271.09
2025-06-20,274.41
2025-06-23,273.3
2025-06-24,273.91
2025-06-25,275.96
2025-06-26,278.59
2025-06-27,279.21
2025-06-30,278.21
2025-07-01,278.27
2025-07-02,277.18
2025-07-03,276.5
2025-07-04,277.23
2025-07-07,277.22
2025-07-08,278.0
2025-07-09,277.8
2025-07-10,276.5
2025-07-11,274.05
2025-07-14,273.46
2025-07-15,274.79
2025-07-16,275.08
2025-07-17,274.09
2025-07-18,272.73
2025-07-21,274.43
2025-07-22,274.56
2025-07-23,276.05
2025-07-24,274.55
2025-07-25,271.84
2025-07-28,269.72
2025-07-29,271.09
2025-07-30,272.54
2025-07-31,271.74
2025-08-01,269.07
2025-08-04,270.44
2025-08-05,269.98
2025-08-06,268.73
2025-08-07,269.04
2025-08-08,266.44
2025-08-11,268.25
2025-08-12,267.81
2025-08-13,269.3
2025-08-14,269.78
2025-08-18,272.96
2025-08-19,274.49
2025-08-20,275.56
2025-08-21,275.87
2025-08-22,274.17
2025-08-25,275.55
2025-08-26,272.75
2025-08-28,270.63
2025-08-29,269.85
2025-09-01,271.97
2025-09-02,271.44
2025-09-03,272.65
2025-09-04,272.7
2025-09-05,272.43
2025-09-08,272.26
2025-09-09,273.58
2025-09-10,274.84
2025-09-11,274.98
2025-09-12,276.05
2025-09-15,275.78
2025-09-16,277.62
2025-09-17,278.66
2025-09-18,279.75
2025-09-19,279.23
2025-09-22,277.54
2025-09-23,277.36
2025-09-24,276.16
2025-09-25,274.29
2025-09-26,271.08
2025-09-29,271.08
2025-09-30,270.77
2025-10-01,272.66
2025-10-03,273.49
2025-10-06,275.19
2025-10-07,275.27
2025-10-08,274.87
2025-10-09,276.11
2025-10-10,277.22
2025-10-13,276.4
2025-10-14,275.32
2025-10-15,277.69
2025-10-16,280.06
2025-10-17,280.49
2025-10-20,281.36
2025-10-23,281.94
2025-10-24,280.77
2025-10-27,282.58
2025-10-28,282.07
2025-10-29,283.53
2025-10-30,281.82
2025-10-31,279.73
2025-11-03,280.62
2025-11-04,279.15
2025-11-06,278.04
2025-11-07,277.59
2025-11-10,278.79
2025-11-11,279.99
2025-11-12,281.6
2025-11-13,281.57
2025-11-14,281.46
2025-11-17,282.64
2025-11-18,281.4
2025-11-19,282.95
2025-11-20,283.91
2025-11-21,282.27
2025-11-24,281.1
2025-11-25,280.34
2025-11-26,283.88
2025-11-27,284.25
2025-11-28,284.22
2025-12-01,283.9
2025-12-02,282.8
2025-12-05,284.19
2025-12-08,281.42
2025-12-09,280.83
2025-12-10,279.69
2025-12-11,281.34
2025-12-12,283.11
2025-12-15,283.09
2025-12-16,281.77
2025-12-17,280.93
2025-12-18,281.16
2025-12-19,282.71
2025-12-22,284.57
2025-12-23,284.7
2025-12-24,283.84
2025-12-26,282.69
2025-12-29,281.88
2025-12-30,281.57
2025-12-31,283.64
2026-01-01,283.69
2026-01-02,285.09
2026-01-05,284.28
2026-01-06,284.14
2026-01-07,284.51
2026-01-08,281.39
2026-01-09,279.24
2026-01-12,279.9
2026-01-13,279.64
2026-01-14,279.07
2026-01-16,279.9
2026-01-19,278.97
2026-01-20,274.49
2026-01-21,273.21
2026-01-22,274.65
2026-01-23,271.93
2026-01-27,272.86
2026-01-28,274.58
2026-01-29,275.29
2026-01-30,274.38
2026-02-02,272.39
2026-02-03,278.68
2026-02-04,278.32
2026-02-05,277.24
2026-02-06,277.39
2026-02-09,279.64
2026-02-10,280.73
2026-02-11,280.6
2026-02-12,278.73
2026-02-13,275.72
2026-02-16,277.2
2026-02-17,277.95
2026-02-18,278.72
2026-02-19,274.8
2026-02-20,275.72
2026-02-23,276.94
2026-02-24,273.37
2026-02-25,274.44
2026-02-26,274.48
2026-02-27,271.42
2026-03-02,267.73
2026-03-04,263.58
2026-03-05,266.03
2026-03-06,262.86
2026-03-09,258.25
2026-03-10,260.62
2026-03-11,256.77
2026-03-12,254.04
2026-03-13,248.72
2026-03-16,251.05
2026-03-17,252.93
2026-03-18,255.63
2026-03-19,247.48
2026-03-20,248.47
2026-03-23,241.97
2026-03-24,246.8
2026-03-25,250.99
2026-03-27,246.14
2026-03-30,240.73
2026-03-31,240.72
2026-04-01,244.54
2026-04-02,245.21
2026-04-06,248.21
2026-04-07,249.78
2026-04-08,258.94
2026-04-09,256.63
2026-04-10,259.71
2026-04-13,257.79
2026-04-15,262.61
2026-04-16,262.74
2026-04-17,264.33
2026-04-20,264.02
2026-04-21,266.4
2026-04-22,264.55
2026-04-23,261.42
2026-04-24,258.02
2026-04-27,260.22
2026-04-28,259.36
2026-04-29,261.2
2026-04-30,259.35
2026-05-04,260.19
2026-05-05,259.32
2026-05-06,262.78
2026-05-07,263.01
2026-05-08,261.9
2026-05-11,258.7
2026-05-12,253.38
2026-05-13,253.77
2026-05-14,256.36
2026-05-15,256.03
2026-05-18,256.26
2026-05-19,256.43
2026-05-20,256.57
2026-05-21,256.36
2026-05-22,257.19
2026-05-25,260.39
2026-05-26,259.39
2026-05-27,259.27
2026-05-29,255.82
2026-06-01,254.2
2026-06-02,255.46
2026-06-03,254.2
2026-06-04,254.41
2026-06-05,253.9
2026-06-08,251.23
2026-06-09,252.47
2026-06-10,251.88
2026-06-11,251.16
2026-06-12,256.14
2026-06-15,259.27
2026-06-16,260.94
2026-06-17,262.04
2026-06-18,262.25
2026-06-19,260.88
2026-06-22,262.0
2026-06-23,259.4
2026-06-24,261.42
2026-06-25,261.31
2026-06-29,259.72
2026-06-30,259.27
2026-07-01,260.78
2026-07-02,262.64
2026-07-03,263.65
2026-07-06,265.05
2026-07-07,265.7
2026-07-08,260.56
2026-07-09,261.76
2026-07-10,264.51
2026-07-13,264.76
2026-07-14,262.87
2026-07-15,263.67
2026-07-16,263.87
2026-07-17,266.17
2026-07-20,265.19
2026-07-21,264.76
2026-07-22,262.36
2026-07-23,261.04
2026-07-24,260.2
2026-07-27,262.89
2026-07-28,263.49
2026-07-29,266.33
2026-07-30,267.1
2026-07-31,267.87
2026-08-03,272.36
2026-08-04,270.47
2026-08-05,270.53
2026-08-06,270.37
2026-08-07,269.39
2026-08-10,270.26
2026-08-11,269.47
2026-08-12,269.06
2026-08-13,268.91
2026-08-14,268.82
2026-08-17,268.24
2026-08-18,266.78
2026-08-19,266.23
2026-08-20,268.0
2026-08-21,268.03
2026-08-24,267.66
2026-08-25,268.84
2026-08-26,268.06
2026-08-27,267.49
2026-08-28,268.17
2026-08-31,266.7
2026-09-01,266.61
2026-09-02,265.39
2026-09-03,265.09
2026-09-04,265.36
2026-09-07,263.93
2026-09-08,262.56
2026-09-09,260.32
2026-09-10,260.65
2026-09-11,259.88
2026-09-15,256.68
2026-09-16,257.53
2026-09-17,258.43
2026-09-18,259.86
